CC	CT  kmer_occurrence    short_read_kmer_count  raw_input_kmer_count  adjusted_input_kmer_count
CC	FR  fpr_lower_bound    fpr_upper_bound
CC	ER  total_input_kmers  adjusted_error_kmers
CC	CV  coverage
CC	QV  raw_quality_value  adjusted_quality_value
CC
CT	1023	14324	57384	57384.000
CT	1022	44	106	106.000
CT	1021	55	139	139.000
CT	1020	51	118	118.000
CT	1019	43	109	109.000
CT	1018	56	129	129.000
CT	1017	42	99	99.000
CT	1016	69	160	160.000
CT	1015	60	137	137.000
CT	1014	41	109	109.000
CT	1013	59	140	140.000
CT	1012	59	137	137.000
CT	1011	56	131	131.000
CT	1010	47	110	110.000
CT	1009	50	117	117.000
CT	1008	49	110	110.000
CT	1007	57	132	132.000
CT	1006	55	129	129.000
CT	1005	52	120	120.000
CT	1004	76	180	180.000
CT	1003	75	172	172.000
CT	1002	69	152	152.000
CT	1001	58	140	140.000
CT	1000	66	153	153.000
CT	999	65	159	159.000
CT	998	64	165	165.000
CT	997	45	104	104.000
CT	996	68	163	163.000
CT	995	41	90	90.000
CT	994	49	109	109.000
CT	993	63	143	143.000
CT	992	57	122	122.000
CT	991	44	99	99.000
CT	990	64	154	154.000
CT	989	51	123	123.000
CT	988	44	105	105.000
CT	987	50	113	113.000
CT	986	46	109	109.000
CT	985	44	106	106.000
CT	984	46	116	116.000
CT	983	43	107	107.000
CT	982	45	111	111.000
CT	981	49	120	120.000
CT	980	48	108	108.000
CT	979	47	111	111.000
CT	978	49	109	109.000
CT	977	55	134	134.000
CT	976	62	154	154.000
CT	975	53	123	123.000
CT	974	59	139	139.000
CT	973	47	115	115.000
CT	972	56	130	130.000
CT	971	65	159	159.000
CT	970	49	115	115.000
CT	969	42	93	93.000
CT	968	60	142	142.000
CT	967	59	145	145.000
CT	966	51	117	117.000
CT	965	53	117	117.000
CT	964	47	105	105.000
CT	963	58	129	129.000
CT	962	53	120	120.000
CT	961	91	225	225.000
CT	960	58	139	139.000
CT	959	63	154	154.000
CT	958	58	129	129.000
CT	957	54	130	130.000
CT	956	66	161	161.000
CT	955	55	121	121.000
CT	954	69	158	158.000
CT	953	61	136	136.000
CT	952	58	134	134.000
CT	951	47	109	109.000
CT	950	70	168	168.000
CT	949	72	161	161.000
CT	948	69	158	158.000
CT	947	72	162	162.000
CT	946	50	113	113.000
CT	945	55	117	117.000
CT	944	55	119	119.000
CT	943	61	132	132.000
CT	942	52	124	124.000
CT	941	50	115	115.000
CT	940	54	125	125.000
CT	939	63	147	147.000
CT	938	59	133	133.000
CT	937	54	135	135.000
CT	936	54	122	122.000
CT	935	54	125	125.000
CT	934	57	141	141.000
CT	933	48	112	112.000
CT	932	50	117	117.000
CT	931	53	118	118.000
CT	930	77	180	180.000
CT	929	49	110	110.000
CT	928	45	99	99.000
CT	927	51	116	116.000
CT	926	41	95	95.000
CT	925	40	89	89.000
CT	924	53	120	120.000
CT	923	47	110	110.000
CT	922	41	97	97.000
CT	921	51	119	119.000
CT	920	38	96	96.000
CT	919	27	69	69.000
CT	918	43	108	108.000
CT	917	43	100	100.000
CT	916	42	100	100.000
CT	915	38	89	89.000
CT	914	62	147	147.000
CT	913	59	137	137.000
CT	912	57	125	125.000
CT	911	50	115	115.000
CT	910	35	77	77.000
CT	909	32	73	73.000
CT	908	40	87	87.000
CT	907	46	106	106.000
CT	906	46	100	100.000
CT	905	46	100	100.000
CT	904	43	98	98.000
CT	903	47	103	103.000
CT	902	35	82	82.000
CT	901	45	107	107.000
CT	900	35	79	79.000
CT	899	43	94	94.000
CT	898	49	120	120.000
CT	897	40	96	96.000
CT	896	35	76	76.000
CT	895	48	110	110.000
CT	894	36	84	84.000
CT	893	50	111	111.000
CT	892	38	89	89.000
CT	891	34	73	73.000
CT	890	41	89	89.000
CT	889	43	95	95.000
CT	888	38	90	90.000
CT	887	31	70	70.000
CT	886	30	74	74.000
CT	885	46	111	111.000
CT	884	44	94	94.000
CT	883	43	97	97.000
CT	882	25	57	57.000
CT	881	40	94	94.000
CT	880	41	101	101.000
CT	879	35	82	82.000
CT	878	36	86	86.000
CT	877	37	83	83.000
CT	876	31	74	74.000
CT	875	23	50	50.000
CT	874	25	54	54.000
CT	873	32	71	71.000
CT	872	27	61	61.000
CT	871	35	76	76.000
CT	870	22	54	54.000
CT	869	28	63	63.000
CT	868	24	55	55.000
CT	867	30	66	66.000
CT	866	25	57	57.000
CT	865	30	65	65.000
CT	864	34	83	83.000
CT	863	34	78	78.000
CT	862	23	50	50.000
CT	861	34	72	72.000
CT	860	27	61	61.000
CT	859	26	54	54.000
CT	858	38	84	84.000
CT	857	28	66	66.000
CT	856	31	69	69.000
CT	855	26	55	55.000
CT	854	16	34	34.000
CT	853	33	73	73.000
CT	852	21	43	43.000
CT	851	30	63	63.000
CT	850	22	47	47.000
CT	849	22	44	44.000
CT	848	33	71	71.000
CT	847	32	71	71.000
CT	846	30	67	67.000
CT	845	22	49	49.000
CT	844	20	40	40.000
CT	843	21	47	47.000
CT	842	16	33	33.000
CT	841	17	37	37.000
CT	840	20	42	42.000
CT	839	22	47	47.000
CT	838	23	51	51.000
CT	837	15	35	35.000
CT	836	23	50	50.000
CT	835	15	34	34.000
CT	834	15	30	30.000
CT	833	25	53	53.000
CT	832	24	48	48.000
CT	831	26	54	54.000
CT	830	30	62	62.000
CT	829	19	39	39.000
CT	828	23	51	51.000
CT	827	20	43	43.000
CT	826	12	25	25.000
CT	825	13	28	28.000
CT	824	13	27	27.000
CT	823	12	27	27.000
CT	822	18	38	38.000
CT	821	9	18	18.000
CT	820	14	31	31.000
CT	819	20	41	41.000
CT	818	12	26	26.000
CT	817	11	25	25.000
CT	816	22	45	45.000
CT	815	17	34	34.000
CT	814	16	32	32.000
CT	813	15	30	30.000
CT	812	17	35	35.000
CT	811	9	18	18.000
CT	810	17	36	36.000
CT	809	12	26	26.000
CT	808	19	44	44.000
CT	807	17	34	34.000
CT	806	13	26	26.000
CT	805	20	42	42.000
CT	804	21	42	42.000
CT	803	10	20	20.000
CT	802	19	39	39.000
CT	801	21	42	42.000
CT	800	23	51	51.000
CT	799	20	42	42.000
CT	798	22	44	44.000
CT	797	10	20	20.000
CT	796	15	32	32.000
CT	795	18	38	38.000
CT	794	16	37	37.000
CT	793	18	38	38.000
CT	792	18	39	39.000
CT	791	10	21	21.000
CT	790	13	26	26.000
CT	789	8	16	16.000
CT	788	6	12	12.000
CT	787	13	26	26.000
CT	786	10	22	22.000
CT	785	22	46	46.000
CT	784	22	48	48.000
CT	783	10	22	22.000
CT	782	8	17	17.000
CT	781	8	20	20.000
CT	780	9	18	18.000
CT	779	13	28	28.000
CT	778	16	38	38.000
CT	777	8	18	18.000
CT	776	6	12	12.000
CT	775	8	18	18.000
CT	774	13	27	27.000
CT	773	9	18	18.000
CT	772	13	30	30.000
CT	771	6	14	14.000
CT	770	13	27	27.000
CT	769	5	14	14.000
CT	768	9	19	19.000
CT	767	6	11	11.000
CT	766	6	19	19.000
CT	765	11	27	27.000
CT	764	6	12	12.000
CT	763	6	12	12.000
CT	762	4	8	8.000
CT	761	11	24	24.000
CT	760	4	7	7.000
CT	759	10	26	26.000
CT	758	10	19	19.000
CT	757	6	16	16.000
CT	756	6	13	13.000
CT	755	4	7	7.000
CT	754	5	15	15.000
CT	753	13	27	27.000
CT	752	6	11	11.000
CT	751	6	12	12.000
CT	750	5	8	8.000
CT	749	7	12	12.000
CT	748	8	13	13.000
CT	747	6	8	8.000
CT	746	6	10	10.000
CT	745	7	13	13.000
CT	744	11	22	22.000
CT	743	11	18	18.000
CT	742	6	12	12.000
CT	741	3	6	6.000
CT	740	9	18	18.000
CT	739	4	5	5.000
CT	738	6	10	10.000
CT	737	11	25	25.000
CT	736	7	14	14.000
CT	735	6	11	11.000
CT	734	2	2	2.000
CT	733	7	9	9.000
CT	732	7	8	8.000
CT	731	9	14	14.000
CT	730	9	13	13.000
CT	729	13	19	19.000
CT	728	13	18	18.000
CT	727	5	7	7.000
CT	726	7	9	9.000
CT	725	8	13	13.000
CT	724	7	9	9.000
CT	723	8	14	14.000
CT	722	7	10	10.000
CT	721	6	10	10.000
CT	720	5	10	10.000
CT	719	15	17	17.000
CT	718	7	10	10.000
CT	717	15	17	17.000
CT	716	6	6	6.000
CT	715	6	8	8.000
CT	714	4	5	5.000
CT	713	10	17	17.000
CT	712	13	16	16.000
CT	711	11	15	15.000
CT	710	15	24	24.000
CT	709	14	18	18.000
CT	708	14	20	20.000
CT	707	9	13	13.000
CT	706	9	12	12.000
CT	705	15	18	18.000
CT	704	7	9	9.000
CT	703	11	12	12.000
CT	702	15	18	18.000
CT	701	20	26	26.000
CT	700	24	26	26.000
CT	699	28	35	35.000
CT	698	19	24	24.000
CT	697	15	20	20.000
CT	696	21	30	30.000
CT	695	24	28	28.000
CT	694	20	22	22.000
CT	693	23	29	29.000
CT	692	34	41	41.000
CT	691	40	52	52.000
CT	690	43	46	46.000
CT	689	48	55	55.000
CT	688	54	61	61.000
CT	687	38	43	43.000
CT	686	41	43	43.000
CT	685	34	35	35.000
CT	684	55	56	56.000
CT	683	56	57	57.000
CT	682	43	46	46.000
CT	681	56	60	60.000
CT	680	73	78	78.000
CT	679	65	67	67.000
CT	678	76	84	84.000
CT	677	87	91	91.000
CT	676	52	55	55.000
CT	675	92	103	103.000
CT	674	97	107	107.000
CT	673	96	101	101.000
CT	672	88	92	92.000
CT	671	118	124	124.000
CT	670	114	121	121.000
CT	669	112	119	119.000
CT	668	117	122	122.000
CT	667	115	121	121.000
CT	666	152	155	155.000
CT	665	113	118	118.000
CT	664	134	139	139.000
CT	663	148	150	150.000
CT	662	154	159	159.000
CT	661	141	141	141.000
CT	660	161	167	167.000
CT	659	190	193	193.000
CT	658	185	190	190.000
CT	657	203	209	209.000
CT	656	229	234	234.000
CT	655	246	255	255.000
CT	654	270	280	280.000
CT	653	253	261	261.000
CT	652	256	261	261.000
CT	651	280	286	286.000
CT	650	302	306	306.000
CT	649	301	305	305.000
CT	648	343	346	346.000
CT	647	349	355	355.000
CT	646	352	355	355.000
CT	645	368	372	372.000
CT	644	439	441	441.000
CT	643	417	420	420.000
CT	642	438	442	442.000
CT	641	409	412	412.000
CT	640	450	451	451.000
CT	639	488	493	493.000
CT	638	479	482	482.000
CT	637	519	522	522.000
CT	636	564	568	568.000
CT	635	627	632	632.000
CT	634	604	608	608.000
CT	633	658	660	660.000
CT	632	724	729	729.000
CT	631	724	729	729.000
CT	630	741	743	743.000
CT	629	839	840	840.000
CT	628	850	853	853.000
CT	627	898	902	902.000
CT	626	934	936	936.000
CT	625	864	869	869.000
CT	624	1026	1027	1027.000
CT	623	1032	1036	1036.000
CT	622	1032	1038	1038.000
CT	621	1078	1080	1080.000
CT	620	1205	1211	1211.000
CT	619	1212	1214	1214.000
CT	618	1181	1185	1185.000
CT	617	1355	1359	1359.000
CT	616	1358	1365	1365.000
CT	615	1413	1416	1416.000
CT	614	1503	1507	1507.000
CT	613	1532	1537	1537.000
CT	612	1572	1574	1574.000
CT	611	1634	1639	1639.000
CT	610	1739	1751	1751.000
CT	609	1700	1703	1703.000
CT	608	1884	1890	1890.000
CT	607	1892	1902	1902.000
CT	606	1993	1997	1997.000
CT	605	2057	2062	2062.000
CT	604	2175	2185	2185.000
CT	603	2176	2181	2181.000
CT	602	2284	2293	2293.000
CT	601	2355	2361	2361.000
CT	600	2563	2572	2572.000
CT	599	2563	2567	2567.000
CT	598	2647	2650	2650.000
CT	597	2888	2892	2892.000
CT	596	2917	2920	2920.000
CT	595	3101	3103	3103.000
CT	594	3053	3064	3064.000
CT	593	3218	3231	3231.000
CT	592	3326	3335	3335.000
CT	591	3441	3453	3453.000
CT	590	3401	3410	3410.000
CT	589	3606	3614	3614.000
CT	588	3754	3758	3758.000
CT	587	3864	3866	3866.000
CT	586	4003	4010	4010.000
CT	585	4034	4039	4039.000
CT	584	4193	4207	4207.000
CT	583	4376	4379	4379.000
CT	582	4531	4541	4541.000
CT	581	4610	4616	4616.000
CT	580	4704	4712	4712.000
CT	579	4880	4889	4889.000
CT	578	5004	5021	5021.000
CT	577	5110	5115	5115.000
CT	576	5297	5307	5307.000
CT	575	5469	5479	5479.000
CT	574	5573	5583	5583.000
CT	573	5669	5686	5686.000
CT	572	5954	5980	5980.000
CT	571	6176	6190	6190.000
CT	570	6251	6267	6267.000
CT	569	6321	6332	6332.000
CT	568	6669	6682	6682.000
CT	567	6806	6816	6816.000
CT	566	6893	6913	6913.000
CT	565	6798	6814	6814.000
CT	564	7289	7297	7297.000
CT	563	7471	7483	7483.000
CT	562	7635	7654	7654.000
CT	561	7795	7813	7813.000
CT	560	8100	8117	8117.000
CT	559	7937	7951	7951.000
CT	558	8268	8278	8278.000
CT	557	8386	8397	8397.000
CT	556	8689	8709	8709.000
CT	555	8798	8814	8814.000
CT	554	9000	9014	9014.000
CT	553	9088	9096	9096.000
CT	552	9264	9274	9274.000
CT	551	9284	9295	9295.000
CT	550	9484	9498	9498.000
CT	549	9694	9705	9705.000
CT	548	9938	9947	9947.000
CT	547	10162	10177	10177.000
CT	546	10450	10462	10462.000
CT	545	10500	10530	10530.000
CT	544	10804	10817	10817.000
CT	543	10846	10863	10863.000
CT	542	11309	11330	11330.000
CT	541	11359	11367	11367.000
CT	540	11455	11473	11473.000
CT	539	11802	11817	11817.000
CT	538	12054	12069	12069.000
CT	537	12224	12235	12235.000
CT	536	12231	12247	12247.000
CT	535	12446	12458	12458.000
CT	534	12285	12305	12305.000
CT	533	12844	12860	12860.000
CT	532	13198	13217	13217.000
CT	531	12934	12957	12957.000
CT	530	13351	13373	13373.000
CT	529	13490	13511	13511.000
CT	528	13492	13512	13512.000
CT	527	13754	13782	13782.000
CT	526	14058	14083	14083.000
CT	525	14301	14327	14327.000
CT	524	14396	14416	14416.000
CT	523	14514	14539	14539.000
CT	522	14758	14777	14777.000
CT	521	15041	15074	15074.000
CT	520	14865	14883	14883.000
CT	519	15064	15083	15083.000
CT	518	15167	15195	15195.000
CT	517	15411	15435	15435.000
CT	516	15585	15619	15619.000
CT	515	15737	15761	15761.000
CT	514	16120	16142	16142.000
CT	513	16073	16097	16097.000
CT	512	16210	16234	16234.000
CT	511	16123	16151	16151.000
CT	510	16336	16363	16363.000
CT	509	16373	16391	16391.000
CT	508	16430	16439	16439.000
CT	507	16590	16606	16606.000
CT	506	16543	16570	16570.000
CT	505	16806	16825	16825.000
CT	504	16530	16549	16549.000
CT	503	17008	17026	17026.000
CT	502	16999	17034	17034.000
CT	501	16873	16884	16884.000
CT	500	17217	17239	17239.000
CT	499	17213	17228	17228.000
CT	498	17190	17225	17225.000
CT	497	17448	17465	17465.000
CT	496	17118	17130	17130.000
CT	495	17534	17569	17569.000
CT	494	17274	17293	17293.000
CT	493	17366	17378	17378.000
CT	492	17234	17241	17241.000
CT	491	17473	17476	17476.000
CT	490	17330	17339	17339.000
CT	489	17415	17440	17440.000
CT	488	17492	17509	17509.000
CT	487	17105	17123	17123.000
CT	486	17128	17152	17152.000
CT	485	17106	17122	17122.000
CT	484	17124	17144	17144.000
CT	483	17260	17286	17286.000
CT	482	17391	17409	17409.000
CT	481	17136	17156	17156.000
CT	480	16722	16738	16738.000
CT	479	16711	16739	16739.000
CT	478	16627	16643	16643.000
CT	477	16888	16918	16918.000
CT	476	16693	16705	16705.000
CT	475	16728	16755	16755.000
CT	474	16664	16690	16690.000
CT	473	16521	16558	16558.000
CT	472	16343	16365	16365.000
CT	471	16205	16216	16216.000
CT	470	15962	15983	15983.000
CT	469	15813	15836	15836.000
CT	468	16085	16119	16119.000
CT	467	15805	15835	15835.000
CT	466	15728	15748	15748.000
CT	465	15343	15381	15381.000
CT	464	15283	15312	15312.000
CT	463	15274	15292	15292.000
CT	462	15095	15109	15109.000
CT	461	14949	14976	14976.000
CT	460	14907	14923	14923.000
CT	459	14818	14838	14838.000
CT	458	14729	14741	14741.000
CT	457	14444	14457	14457.000
CT	456	14412	14430	14430.000
CT	455	14216	14246	14246.000
CT	454	13876	13891	13891.000
CT	453	13709	13731	13731.000
CT	452	13761	13788	13788.000
CT	451	13437	13469	13469.000
CT	450	13541	13560	13560.000
CT	449	13441	13460	13460.000
CT	448	13229	13246	13246.000
CT	447	12878	12901	12901.000
CT	446	12792	12806	12806.000
CT	445	12619	12635	12635.000
CT	444	12395	12423	12423.000
CT	443	12290	12313	12313.000
CT	442	12143	12157	12157.000
CT	441	11999	12014	12014.000
CT	440	11621	11631	11631.000
CT	439	11587	11595	11595.000
CT	438	11367	11380	11380.000
CT	437	11293	11302	11302.000
CT	436	11065	11077	11077.000
CT	435	10930	10944	10944.000
CT	434	10678	10692	10692.000
CT	433	10810	10826	10826.000
CT	432	10387	10405	10405.000
CT	431	10412	10432	10432.000
CT	430	10112	10125	10125.000
CT	429	9711	9729	9729.000
CT	428	9485	9495	9495.000
CT	427	9337	9356	9356.000
CT	426	9312	9325	9325.000
CT	425	8962	8975	8975.000
CT	424	8881	8894	8894.000
CT	423	8764	8777	8777.000
CT	422	8674	8689	8689.000
CT	421	8413	8422	8422.000
CT	420	8365	8377	8377.000
CT	419	8146	8157	8157.000
CT	418	8148	8162	8162.000
CT	417	8028	8049	8049.000
CT	416	7692	7703	7703.000
CT	415	7478	7489	7489.000
CT	414	7366	7384	7384.000
CT	413	7134	7143	7143.000
CT	412	7028	7046	7046.000
CT	411	6713	6720	6720.000
CT	410	6797	6803	6803.000
CT	409	6673	6685	6685.000
CT	408	6675	6678	6678.000
CT	407	6274	6279	6279.000
CT	406	6206	6211	6211.000
CT	405	6270	6276	6276.000
CT	404	6039	6042	6042.000
CT	403	5784	5791	5791.000
CT	402	5838	5842	5842.000
CT	401	5462	5463	5463.000
CT	400	5386	5389	5389.000
CT	399	5295	5300	5300.000
CT	398	5079	5087	5087.000
CT	397	5037	5046	5046.000
CT	396	4909	4914	4914.000
CT	395	4715	4719	4719.000
CT	394	4593	4603	4603.000
CT	393	4480	4485	4485.000
CT	392	4397	4403	4403.000
CT	391	4329	4333	4333.000
CT	390	4094	4106	4106.000
CT	389	4000	4008	4008.000
CT	388	3832	3835	3835.000
CT	387	3794	3798	3798.000
CT	386	3810	3810	3810.000
CT	385	3780	3785	3785.000
CT	384	3519	3519	3519.000
CT	383	3524	3528	3528.000
CT	382	3437	3443	3443.000
CT	381	3323	3325	3325.000
CT	380	3181	3185	3185.000
CT	379	3186	3193	3193.000
CT	378	2962	2966	2966.000
CT	377	2890	2890	2890.000
CT	376	2856	2856	2856.000
CT	375	2727	2733	2733.000
CT	374	2660	2660	2660.000
CT	373	2573	2575	2575.000
CT	372	2578	2584	2584.000
CT	371	2437	2438	2438.000
CT	370	2381	2380	2380.000
CT	369	2290	2291	2291.000
CT	368	2266	2267	2267.000
CT	367	2196	2199	2199.000
CT	366	2183	2184	2184.000
CT	365	2141	2141	2141.000
CT	364	1953	1954	1954.000
CT	363	1881	1881	1881.000
CT	362	1902	1903	1903.000
CT	361	1802	1803	1803.000
CT	360	1722	1722	1722.000
CT	359	1700	1700	1700.000
CT	358	1625	1626	1626.000
CT	357	1641	1641	1641.000
CT	356	1637	1638	1638.000
CT	355	1570	1573	1573.000
CT	354	1551	1553	1553.000
CT	353	1527	1527	1527.000
CT	352	1423	1425	1425.000
CT	351	1387	1387	1387.000
CT	350	1477	1477	1477.000
CT	349	1432	1432	1432.000
CT	348	1289	1289	1289.000
CT	347	1294	1294	1294.000
CT	346	1257	1257	1257.000
CT	345	1194	1195	1195.000
CT	344	1197	1197	1197.000
CT	343	1172	1172	1172.000
CT	342	1161	1161	1161.000
CT	341	1096	1096	1096.000
CT	340	980	980	980.000
CT	339	937	938	938.000
CT	338	976	977	977.000
CT	337	999	999	999.000
CT	336	986	986	986.000
CT	335	906	906	906.000
CT	334	860	860	860.000
CT	333	848	848	848.000
CT	332	848	848	848.000
CT	331	774	774	774.000
CT	330	858	858	858.000
CT	329	858	858	858.000
CT	328	805	805	805.000
CT	327	739	738	738.000
CT	326	666	666	666.000
CT	325	603	603	603.000
CT	324	685	685	685.000
CT	323	652	652	652.000
CT	322	655	655	655.000
CT	321	661	661	661.000
CT	320	619	619	619.000
CT	319	610	610	610.000
CT	318	561	561	561.000
CT	317	526	526	526.000
CT	316	530	530	530.000
CT	315	500	500	500.000
CT	314	491	491	491.000
CT	313	508	508	508.000
CT	312	455	455	455.000
CT	311	477	477	477.000
CT	310	461	461	461.000
CT	309	487	487	487.000
CT	308	451	451	451.000
CT	307	418	418	418.000
CT	306	447	447	447.000
CT	305	441	441	441.000
CT	304	390	390	390.000
CT	303	379	379	379.000
CT	302	396	396	396.000
CT	301	351	351	351.000
CT	300	399	399	399.000
CT	299	351	351	351.000
CT	298	358	358	358.000
CT	297	372	372	372.000
CT	296	301	301	301.000
CT	295	365	365	365.000
CT	294	343	342	342.000
CT	293	354	354	354.000
CT	292	324	324	324.000
CT	291	291	291	291.000
CT	290	348	348	348.000
CT	289	308	308	308.000
CT	288	299	299	299.000
CT	287	306	306	306.000
CT	286	284	284	284.000
CT	285	251	251	251.000
CT	284	295	295	295.000
CT	283	237	237	237.000
CT	282	236	236	236.000
CT	281	241	241	241.000
CT	280	261	260	260.000
CT	279	260	260	260.000
CT	278	271	271	271.000
CT	277	232	232	232.000
CT	276	272	272	272.000
CT	275	238	238	238.000
CT	274	265	265	265.000
CT	273	256	256	256.000
CT	272	236	236	236.000
CT	271	244	244	244.000
CT	270	242	243	243.000
CT	269	220	220	220.000
CT	268	236	236	236.000
CT	267	220	220	220.000
CT	266	205	205	205.000
CT	265	219	219	219.000
CT	264	207	207	207.000
CT	263	232	231	231.000
CT	262	211	211	211.000
CT	261	202	202	202.000
CT	260	202	202	202.000
CT	259	216	216	216.000
CT	258	182	182	182.000
CT	257	168	168	168.000
CT	256	173	173	173.000
CT	255	172	172	172.000
CT	254	163	163	163.000
CT	253	199	199	199.000
CT	252	164	164	164.000
CT	251	185	185	185.000
CT	250	183	183	183.000
CT	249	173	173	173.000
CT	248	143	143	143.000
CT	247	164	164	164.000
CT	246	145	145	145.000
CT	245	124	124	124.000
CT	244	157	157	157.000
CT	243	150	150	150.000
CT	242	160	160	160.000
CT	241	132	132	132.000
CT	240	158	158	158.000
CT	239	156	156	156.000
CT	238	143	143	143.000
CT	237	140	140	140.000
CT	236	142	142	142.000
CT	235	138	138	138.000
CT	234	131	131	131.000
CT	233	159	159	159.000
CT	232	155	155	155.000
CT	231	112	112	112.000
CT	230	147	147	147.000
CT	229	122	122	122.000
CT	228	113	113	113.000
CT	227	110	110	110.000
CT	226	109	109	109.000
CT	225	138	138	138.000
CT	224	106	106	106.000
CT	223	126	126	126.000
CT	222	130	130	130.000
CT	221	93	93	93.000
CT	220	110	110	110.000
CT	219	95	95	95.000
CT	218	123	123	123.000
CT	217	101	101	101.000
CT	216	97	97	97.000
CT	215	128	128	128.000
CT	214	97	97	97.000
CT	213	129	129	129.000
CT	212	129	128	128.000
CT	211	122	121	121.000
CT	210	103	103	103.000
CT	209	125	125	125.000
CT	208	126	126	126.000
CT	207	156	155	155.000
CT	206	116	115	115.000
CT	205	137	135	135.000
CT	204	111	110	110.000
CT	203	118	118	118.000
CT	202	109	109	109.000
CT	201	128	127	127.000
CT	200	107	107	107.000
CT	199	90	90	90.000
CT	198	129	129	129.000
CT	197	128	128	128.000
CT	196	104	104	104.000
CT	195	115	113	113.000
CT	194	103	101	101.000
CT	193	124	124	124.000
CT	192	94	93	93.000
CT	191	122	121	121.000
CT	190	112	111	111.000
CT	189	89	89	89.000
CT	188	105	105	105.000
CT	187	115	115	115.000
CT	186	99	99	99.000
CT	185	104	104	104.000
CT	184	110	110	110.000
CT	183	127	127	127.000
CT	182	93	93	93.000
CT	181	79	77	77.000
CT	180	96	92	92.000
CT	179	96	96	96.000
CT	178	101	101	101.000
CT	177	100	100	100.000
CT	176	88	88	88.000
CT	175	110	110	110.000
CT	174	95	95	95.000
CT	173	89	88	88.000
CT	172	71	69	69.000
CT	171	82	82	82.000
CT	170	86	86	86.000
CT	169	103	103	103.000
CT	168	111	111	111.000
CT	167	73	73	73.000
CT	166	91	91	91.000
CT	165	98	98	98.000
CT	164	60	60	60.000
CT	163	68	68	68.000
CT	162	79	79	79.000
CT	161	93	93	93.000
CT	160	74	74	74.000
CT	159	75	74	74.000
CT	158	65	62	62.000
CT	157	67	66	66.000
CT	156	77	73	73.000
CT	155	43	41	41.000
CT	154	31	30	30.000
CT	153	54	54	54.000
CT	152	54	53	53.000
CT	151	61	61	61.000
CT	150	53	53	53.000
CT	149	52	52	52.000
CT	148	64	59	59.000
CT	147	63	59	59.000
CT	146	54	50	50.000
CT	145	36	36	36.000
CT	144	33	33	33.000
CT	143	44	43	43.000
CT	142	57	57	57.000
CT	141	41	39	39.000
CT	140	53	49	49.000
CT	139	36	32	32.000
CT	138	45	42	42.000
CT	137	37	27	27.000
CT	136	41	29	29.000
CT	135	60	57	57.000
CT	134	55	50	50.000
CT	133	66	65	65.000
CT	132	71	71	71.000
CT	131	69	67	67.000
CT	130	62	54	54.000
CT	129	66	62	62.000
CT	128	51	46	46.000
CT	127	38	34	34.000
CT	126	52	51	51.000
CT	125	46	45	45.000
CT	124	44	42	42.000
CT	123	57	56	56.000
CT	122	48	46	46.000
CT	121	57	52	52.000
CT	120	42	38	38.000
CT	119	54	49	49.000
CT	118	44	36	36.000
CT	117	41	41	41.000
CT	116	60	60	60.000
CT	115	58	57	57.000
CT	114	35	34	34.000
CT	113	46	44	44.000
CT	112	45	41	41.000
CT	111	43	38	38.000
CT	110	38	34	34.000
CT	109	42	34	34.000
CT	108	51	46	46.000
CT	107	43	41	41.000
CT	106	34	32	32.000
CT	105	39	37	37.000
CT	104	74	53	53.000
CT	103	62	47	47.000
CT	102	48	42	42.000
CT	101	45	36	36.000
CT	100	46	38	38.000
CT	99	56	44	44.000
CT	98	61	45	45.000
CT	97	39	31	31.000
CT	96	60	54	54.000
CT	95	45	42	42.000
CT	94	53	44	44.000
CT	93	49	45	45.000
CT	92	45	41	41.000
CT	91	53	44	44.000
CT	90	33	31	31.000
CT	89	52	44	44.000
CT	88	42	32	32.000
CT	87	45	39	39.000
CT	86	46	43	43.000
CT	85	55	50	50.000
CT	84	49	29	29.000
CT	83	52	47	47.000
CT	82	62	48	48.000
CT	81	49	46	46.000
CT	80	54	46	46.000
CT	79	57	41	41.000
CT	78	74	42	42.000
CT	77	76	49	49.000
CT	76	90	45	45.000
CT	75	83	59	59.000
CT	74	65	49	49.000
CT	73	52	34	34.000
CT	72	61	37	37.000
CT	71	71	48	48.000
CT	70	61	40	40.000
CT	69	72	45	45.000
CT	68	91	52	52.000
CT	67	99	41	41.000
CT	66	99	47	47.000
CT	65	74	36	36.000
CT	64	60	24	24.000
CT	63	56	38	38.000
CT	62	97	32	32.000
CT	61	115	35	35.000
CT	60	102	48	48.000
CT	59	105	55	55.000
CT	58	111	33	33.000
CT	57	136	41	41.000
CT	56	145	45	45.000
CT	55	110	27	27.000
CT	54	109	27	27.000
CT	53	95	34	34.000
CT	52	119	23	23.000
CT	51	110	34	34.000
CT	50	80	25	25.000
CT	49	114	27	27.000
CT	48	161	48	48.000
CT	47	141	30	30.000
CT	46	145	18	18.000
CT	45	164	26	26.000
CT	44	162	17	17.000
CT	43	149	29	29.000
CT	42	138	34	34.000
CT	41	136	35	35.000
CT	40	194	39	39.000
CT	39	154	34	34.000
CT	38	165	31	31.000
CT	37	117	26	26.000
CT	36	193	42	42.000
CT	35	222	45	45.000
CT	34	273	34	34.000
CT	33	294	56	56.000
CT	32	246	29	29.000
CT	31	288	24	24.000
CT	30	279	8	8.000
CT	29	327	25	25.000
CT	28	324	17	17.000
CT	27	424	30	30.000
CT	26	509	31	31.000
CT	25	488	7	7.000
CT	24	595	23	22.999
CT	23	539	24	24.000
CT	22	599	20	19.999
CT	21	851	42	41.999
CT	20	921	22	21.999
CT	19	1000	6	5.999
CT	18	1049	5	4.999
CT	17	1499	18	17.999
CT	16	1652	4	3.998
CT	15	2024	19	1.089
CT	14	2637	17	0.250
CT	13	3225	20	0.049
CT	12	4606	23	0.008
CT	11	5800	18	0.001
CT	10	8755	28	0.000
CT	9	12345	25	0.000
CT	8	19757	21	0.000
CT	7	35523	27	0.000
CT	6	65114	42	0.000
CT	5	135962	16	0.000
CT	4	319983	9	0.000
CT	3	883658	9	0.000
CT	2	3239061	6	0.000
CT	1	22367313	7	0.000
CT	0	0	127	0.000
FR	6.17e-07	1.85e-06
ER	2609404	412.619
CV	1.002
QV	58.041	52.923
